1000.000	0.049
1000.000	0.049
1000.000	0.048
1000.000	0.042
1000.000	0.050
1000.000	0.047
1000.000	0.049
1000.000	0.043
1000.000	0.050
1000.000	0.048
1000.000	0.048
1000.000	0.049
1000.000	0.044
1000.000	0.044
1000.000	0.050
1000.000	0.054
1000.000	0.043
1000.000	0.042
1000.000	0.051
1000.000	0.047
1000.000	0.050
1000.000	0.050
1000.000	0.052
1000.000	0.051
1000.000	0.050
1000.000	0.048
1000.000	0.048
1000.000	0.049
1000.000	0.042
1000.000	0.053
1000.000	0.047
1000.000	0.046
1000.000	0.047
1000.000	0.049
1000.000	0.048
1000.000	0.051
1000.000	0.049
1000.000	0.047
1000.000	0.042
1000.000	0.048
1000.000	0.043
1000.000	0.048
1000.000	0.046
1000.000	0.044
1000.000	0.042
1000.000	0.049
1000.000	0.040
1000.000	0.045
1000.000	0.046
1000.000	0.048
1000.000	0.050
1000.000	0.047
1000.000	0.048
1000.000	0.042
1000.000	0.044
1000.000	0.039
1000.000	0.042
1000.000	0.050
1000.000	0.042
1000.000	0.046
1000.000	0.040
1000.000	0.047
1000.000	0.039
1000.000	0.046
1000.000	0.043
1000.000	0.042
1000.000	0.044
1000.000	0.041
1000.000	0.039
1000.000	0.048
1000.000	0.043
1000.000	0.046
1000.000	0.045
1000.000	0.043
1000.000	0.049
1000.000	0.044
1000.000	0.045
1000.000	0.049
1000.000	0.044
1000.000	0.039
1000.000	0.051
1000.000	0.044
1000.000	0.044
1000.000	0.041
1000.000	0.042
1000.000	0.039
1000.000	0.047
1000.000	0.036
1000.000	0.045
1000.000	0.045
1000.000	0.046
1000.000	0.043
1000.000	0.045
1000.000	0.042
1000.000	0.047
1000.000	0.041
1000.000	0.045
1000.000	0.037
1000.000	0.049
1000.000	0.045
1000.000	0.044
1000.000	0.042
1000.000	0.046
1000.000	0.048
1000.000	0.048
1000.000	0.047
1000.000	0.038
1000.000	0.040
1000.000	0.047
1000.000	0.044
1000.000	0.043
1000.000	0.049
1000.000	0.041
1000.000	0.046
1000.000	0.039
1000.000	0.045
1000.000	0.044
1000.000	0.047
1000.000	0.045
1000.000	0.039
1000.000	0.042
1000.000	0.041
1000.000	0.047
1000.000	0.039
1000.000	0.046
1000.000	0.043
1000.000	0.047
1000.000	0.038
1000.000	0.047
1000.000	0.040
1000.000	0.046
1000.000	0.045
1000.000	0.043
1000.000	0.049
1000.000	0.041
1000.000	0.047
1000.000	0.043
1000.000	0.046
1000.000	0.048
1000.000	0.047
1000.000	0.043
1000.000	0.047
1000.000	0.045
1000.000	0.046
1000.000	0.048
1000.000	0.044
1000.000	0.043
1000.000	0.044
1000.000	0.040
1000.000	0.047
1000.000	0.042
1000.000	0.046
1000.000	0.042
1000.000	0.053
1000.000	0.038
1000.000	0.044
1000.000	0.041
1000.000	0.043
1000.000	0.038
1000.000	0.048
1000.000	0.044
1000.000	0.049
1000.000	0.044
1000.000	0.048
1000.000	0.037
1000.000	0.048
1000.000	0.047
1000.000	0.042
1000.000	0.045
1000.000	0.044
1000.000	0.047
1000.000	0.045
1000.000	0.042
1000.000	0.045
1000.000	0.042
1000.000	0.042
1000.000	0.044
1000.000	0.044
1000.000	0.049
1000.000	0.041
1000.000	0.046
1000.000	0.045
1000.000	0.044
1000.000	0.045
1000.000	0.047
1000.000	0.037
1000.000	0.049
1000.000	0.047
1000.000	0.040
1000.000	0.046
1000.000	0.039
1000.000	0.046
1000.000	0.039
1000.000	0.046
1000.000	0.044
1000.000	0.042
1000.000	0.044
1000.000	0.046
1000.000	0.039
1000.000	0.047
1000.000	0.042
1000.000	0.044
1000.000	0.046
1000.000	0.043
1000.000	0.044
1000.000	0.039
1000.000	0.039
1000.000	0.045
1000.000	0.040
1000.000	0.044
1000.000	0.039
1000.000	0.045
1000.000	0.049
1000.000	0.047
1000.000	0.073
1000.000	0.084
1000.000	0.098
1000.000	0.115
1000.000	0.114
1000.000	0.124
1000.000	0.126
1000.000	0.133
1000.000	0.141
1000.000	0.140
1000.000	0.149
1000.000	0.160
1000.000	0.156
1000.000	0.169
1000.000	0.177
1000.000	0.176
1000.000	0.192
1000.000	0.200
1000.000	0.199
1000.000	0.213
1000.000	0.211
1000.000	0.219
1000.000	0.223
1000.000	0.240
1000.000	0.241
1000.000	0.251
1000.000	0.253
1000.000	0.254
1000.000	0.262
1000.000	0.266
7359.000	0.270
7400.000	0.275
7400.000	0.278
7400.000	0.285
7400.000	0.278
7400.000	0.287
7400.000	0.268
7400.000	0.261
7400.000	0.246
7400.000	0.235
7400.000	0.224
7400.000	0.216
7400.000	0.209
7400.000	0.193
7400.000	0.187
7400.000	0.168
7400.000	0.168
7400.000	0.162
7400.000	0.147
7400.000	0.141
7400.000	0.126
7400.000	0.128
7400.000	0.121
7400.000	0.110
7400.000	0.108
7400.000	0.102
7400.000	0.094
7400.000	0.086
7400.000	0.083
7400.000	0.081
7400.000	0.069
7400.000	0.069
7400.000	0.060
7400.000	0.061
7400.000	0.056
7400.000	0.055
7400.000	0.051
7400.000	0.041
7400.000	0.042
7400.000	0.031
7400.000	0.036
7400.000	0.035
7400.000	0.023
7400.000	0.025
1047.000	0.017
1000.000	0.016
1000.000	0.018
1000.000	0.011
1000.000	0.020
1000.000	0.015
1000.000	0.020
1000.000	0.029
1000.000	0.041
1000.000	0.048
1000.000	0.050
1000.000	0.059
1000.000	0.063
1000.000	0.073
1000.000	0.069
1000.000	0.083
1000.000	0.083
1000.000	0.089
1000.000	0.105
1000.000	0.104
1000.000	0.116
1000.000	0.115
1000.000	0.118
1000.000	0.134
1000.000	0.137
1000.000	0.148
1000.000	0.152
1000.000	0.161
1000.000	0.167
1000.000	0.171
1000.000	0.183
1000.000	0.181
1000.000	0.199
1000.000	0.204
1000.000	0.206
1000.000	0.213
1000.000	0.223
1000.000	0.227
1000.000	0.243
1000.000	0.236
1000.000	0.251
1000.000	0.252
1000.000	0.254
7359.000	0.255
7359.000	0.266
7400.000	0.266
7400.000	0.279
7400.000	0.274
7400.000	0.278
7400.000	0.276
7400.000	0.259
7400.000	0.236
7400.000	0.234
7400.000	0.216
7400.000	0.211
7400.000	0.204
7400.000	0.189
7400.000	0.184
7400.000	0.177
7400.000	0.168
7400.000	0.149
7400.000	0.153
7400.000	0.139
7400.000	0.134
7400.000	0.121
7400.000	0.121
7400.000	0.114
7400.000	0.107
7400.000	0.094
7400.000	0.094
7400.000	0.084
7400.000	0.083
7400.000	0.075
7400.000	0.072
7400.000	0.058
7400.000	0.063
7400.000	0.060
7400.000	0.053
7400.000	0.054
7400.000	0.044
7400.000	0.046
7400.000	0.038
7400.000	0.036
7400.000	0.035
7400.000	0.028
7400.000	0.026
7400.000	0.019
1047.000	0.018
1000.000	0.005
1000.000	0.014
1000.000	0.014
1000.000	0.015
1000.000	0.013
1000.000	0.015
1000.000	0.030
1000.000	0.029
1000.000	0.049
1000.000	0.052
1000.000	0.054
1000.000	0.065
1000.000	0.069
1000.000	0.075
1000.000	0.079
1000.000	0.082
1000.000	0.092
1000.000	0.097
1000.000	0.105
1000.000	0.105
1000.000	0.112
1000.000	0.122
1000.000	0.122
1000.000	0.128
1000.000	0.133
1000.000	0.143
1000.000	0.153
1000.000	0.162
1000.000	0.166
1000.000	0.176
1000.000	0.177
1000.000	0.195
1000.000	0.197
1000.000	0.204
1000.000	0.203
1000.000	0.215
1000.000	0.224
1000.000	0.230
1000.000	0.228
1000.000	0.237
1000.000	0.247
1000.000	0.248
1000.000	0.250
7359.000	0.251
7400.000	0.269
7400.000	0.262
7400.000	0.266
7400.000	0.274
7400.000	0.267
7400.000	0.256
7400.000	0.246
7400.000	0.222
7400.000	0.217
7400.000	0.210
7400.000	0.191
7400.000	0.177
7400.000	0.182
7400.000	0.171
7400.000	0.162
7400.000	0.149
7400.000	0.143
7400.000	0.137
7400.000	0.130
7400.000	0.127
7400.000	0.112
7400.000	0.111
7400.000	0.095
7400.000	0.094
7400.000	0.084
7400.000	0.073
7400.000	0.076
7400.000	0.082
7400.000	0.068
7400.000	0.066
7400.000	0.056
7400.000	0.055
7400.000	0.044
7400.000	0.048
7400.000	0.047
7400.000	0.038
7400.000	0.038
7400.000	0.028
7400.000	0.028
7400.000	0.026
7400.000	0.015
7400.000	0.022
1047.000	0.018
1000.000	0.009
1000.000	0.012
1000.000	0.008
1000.000	0.012
1000.000	0.014
1000.000	0.009
1000.000	0.022
1000.000	0.028
1000.000	0.036
1000.000	0.051
1000.000	0.054
1000.000	0.061
1000.000	0.062
1000.000	0.061
1000.000	0.074
1000.000	0.079
1000.000	0.085
1000.000	0.091
1000.000	0.097
1000.000	0.097
1000.000	0.101
1000.000	0.117
1000.000	0.112
1000.000	0.123
1000.000	0.132
1000.000	0.129
1000.000	0.147
1000.000	0.150
1000.000	0.166
1000.000	0.163
1000.000	0.165
1000.000	0.181
1000.000	0.183
1000.000	0.196
1000.000	0.203
1000.000	0.214
1000.000	0.217
1000.000	0.227
1000.000	0.225
1000.000	0.233
1000.000	0.232
1000.000	0.245
1000.000	0.255
7359.000	0.257
7400.000	0.262
7400.000	0.267
7400.000	0.266
7400.000	0.269
7400.000	0.271
7400.000	0.246
7400.000	0.241
7400.000	0.224
7400.000	0.208
7400.000	0.202
7400.000	0.200
7400.000	0.193
7400.000	0.182
7400.000	0.178
7400.000	0.158
7400.000	0.144
7400.000	0.144
7400.000	0.133
7400.000	0.125
7400.000	0.119
7400.000	0.116
7400.000	0.101
7400.000	0.102
7400.000	0.089
7400.000	0.088
7400.000	0.080
7400.000	0.072
7400.000	0.068
7400.000	0.067
7400.000	0.062
7400.000	0.048
7400.000	0.052
7400.000	0.049
7400.000	0.044
7400.000	0.040
7400.000	0.031
7400.000	0.033
7400.000	0.031
7400.000	0.023
7400.000	0.016
7400.000	0.018
7400.000	0.017
1047.000	0.016
1000.000	0.008
1000.000	0.004
1000.000	0.007
1000.000	0.008
1000.000	0.007
1000.000	0.012
1000.000	0.018
1000.000	0.019
1000.000	0.034
1000.000	0.046
1000.000	0.049
1000.000	0.049
1000.000	0.060
1000.000	0.059
1000.000	0.068
1000.000	0.074
1000.000	0.071
1000.000	0.084
1000.000	0.080
1000.000	0.093
1000.000	0.094
1000.000	0.102
1000.000	0.102
1000.000	0.113
1000.000	0.116
1000.000	0.122
1000.000	0.128
1000.000	0.128
1000.000	0.144
1000.000	0.157
1000.000	0.165
1000.000	0.172
1000.000	0.171
1000.000	0.182
1000.000	0.192
1000.000	0.202
1000.000	0.209
1000.000	0.216
1000.000	0.217
1000.000	0.230
1000.000	0.227
1000.000	0.241
1000.000	0.240
7359.000	0.249
7400.000	0.257
7400.000	0.262
7400.000	0.268
7400.000	0.257
7400.000	0.262
7400.000	0.252
7400.000	0.230
7400.000	0.221
7400.000	0.215
7400.000	0.200
7400.000	0.195
7400.000	0.188
7400.000	0.174
7400.000	0.170
7400.000	0.157
7400.000	0.149
7400.000	0.143
7400.000	0.132
7400.000	0.125
7400.000	0.113
7400.000	0.106
7400.000	0.105
7400.000	0.091
7400.000	0.088
7400.000	0.085
7400.000	0.080
7400.000	0.074
7400.000	0.067
7400.000	0.058
7400.000	0.053
7400.000	0.054
7400.000	0.050
7400.000	0.037
7400.000	0.043
7400.000	0.032
7400.000	0.037
7400.000	0.029
7400.000	0.026
7400.000	0.023
7400.000	0.019
7400.000	0.018
7400.000	0.017
1047.000	0.013
1047.000	0.012
1000.000	0.009
1000.000	0.004
1000.000	0.005
1000.000	0.007
1000.000	0.007
1000.000	0.013
1000.000	0.004
1000.000	0.009
1000.000	0.012
1000.000	0.013
1000.000	0.012
1000.000	0.007
1000.000	0.006
1000.000	0.014
1000.000	0.009
1000.000	0.014
1000.000	0.007
1000.000	0.011
1000.000	0.008
1000.000	0.015
1000.000	0.011
1000.000	0.006
1000.000	0.014
1000.000	0.014
1000.000	0.014
1000.000	0.014
1000.000	0.002
1000.000	0.013
1000.000	0.013
1000.000	0.019
1000.000	0.015
1000.000	0.012
1000.000	0.010
1000.000	0.014
1000.000	0.017
1000.000	0.016
1000.000	0.010
1000.000	0.014
1000.000	0.012
1000.000	0.017
1000.000	0.017
1000.000	0.008
1000.000	0.012
1000.000	0.015
1000.000	0.013
1000.000	0.016
1000.000	0.018
1000.000	0.019
1000.000	0.013
1000.000	0.019
1000.000	0.011
1000.000	0.017
1000.000	0.018
1000.000	0.014
1000.000	0.019
1000.000	0.020
1000.000	0.015
1000.000	0.020
1000.000	0.016
1000.000	0.017
1000.000	0.020
1000.000	0.010
1000.000	0.020
1000.000	0.019
1000.000	0.011
1000.000	0.016
1000.000	0.012
1000.000	0.017
1000.000	0.014
